12
2
3
0
0
0
0
0
4
7
8
9
2
3
4
1
1
1
1
1
5
8
9
10
3
4
5
2
2
2
2
2
6
9
10
11
4
5
6
3
3
3
3
3
7
10
2
3
4
1
1
1
1
1
5
8
9
10
3
4
5
2
2
2
2
2
6
9
10
11
4
5
6
3
3
3
3
3
7
10
11
12
5
6
7
4
4
4
4
4
8
11
3
4
5
2
2
2
2
2
6
9
10
11
4
5
6
3
3
3
3
3
7
10
11
12
5
6
7
4
4
4
4
4
8
11
12
13
6
7
8
5
5
5
5
5
9
12
4
5
6
3
3
3
3
3
7
10
11
12
5
6
7
4
4
4
4
4
8
11
12
13
6
7
8
5
5
5
5
5
9
12
13
14
7
8
9
6
6
6
6
6
10
13
5
6
7
4
4
4
4
4
8
11
12
13
6
7
8
5
5
5
5
5
9
12
13
14
7
8
9
6
6
6
6
6
10
13
14
15
8
9
10
7
7
7
7
7
11
14
6
7
8
5
5
5
5
5
9
12
13
14
7
8
9
6
6
6
6
6
10
13
14
15
8
9
10
7
7
7
7
7
11
14
15
16
9
10
11
8
8
8
8
8
12
15
7
8
9
6
6
6
6
6
10
13
14
15
8
9
10
7
7
7
7
7
11
14
15
16
9
10
11
8
8
8
8
8
12
15
16
17
10
11
12
9
9
9
9
9
13
16
8
9
10
7
7
7
7
7
11
14
15
16
9
10
11
8
8
8
8
8
12
15
16
17
10
11
12
9
9
9
9
9
13
16
17
18
11
12
13
10
10
10
10
10
14
17
9
10
11
8
8
8
8
8
12
15
16
17
10
11
12
9
9
9
9
9
13
16
17
18
11
12
13
10
10
10
10
10
14
17
18
19
12
13
14
11
11
11
11
11
15
18
10
11
12
9
9
9
9
9
13
16
17
18
11
12
13
10
10
10
10
10
14
17
18
19
12
13
14
11
11
11
11
11
15
18
19
20
13
14
15
12
12
12
12
12
16
19
11
12
13
10
10
10
10
10
14
17
18
19
12
13
14
11
11
11
11
11
15
18
19
20
13
14
15
12
12
12
12
12
16
19
20
21
14
15
16
13
13
13
13
13
17
20
12
13
14
11
11
11
11
11
15
18
19
20
13
14
15
12
12
12
12
12
16
19
20
21
14
15
16
13
13
13
13
13
17
20
21
22
15
16
17
14
14
14
14
14
18
21
13
14
15
12
12
12
12
12
16
19
20
21
14
15
16
13
13
13
13
13
17
20
21
22
15
16
17
14
14
14
14
14
18
21
22
23
16
17
18
15
15
15
15
15
19
22
14
15
16
13
13
13
13
13
17
20
21
22
15
16
17
14
14
14
14
14
18
21
22
23
16
17
18
15
15
15
15
15
19
22
23
24
17
18
19
16
16
16
16
16
20
23
15
16
17
14
14
14
14
14
18
21
22
23
16
17
18
15
15
15
15
15
19
22
23
24
17
18
19
16
16
16
16
16
20
23
24
25
18
19
20
17
17
17
17
17
21
24
16
17
18
15
15
15
15
15
19
22
23
24
17
18
19
16
16
16
16
16
20
23
24
25
18
19
20
17
17
17
17
17
21
24
25
26
19
20
21
18
18
18
18
18
22
25
17
18
19
16
16
16
16
16
20
23
24
25
18
19
20
17
17
17
17
17
21
24
25
26
19
20
21
18
18
18
18
18
22
25
26
27
20
21
22
19
19
19
19
19
23
26
18
19
20
17
17
17
17
17
21
24
25
26
19
20
21
18
18
18
18
18
22
25
26
27
20
21
22
19
19
19
19
19
23
26
27
28
21
22
23
20
20
20
20
20
24
27
19
20
21
18
18
18
18
18
22
25
26
27
20
21
22
19
19
19
19
19
23
26
27
28
21
22
23
20
20
20
20
20
24
27
28
29
22
23
24
21
21
21
21
21
25
28
20
21
22
19
19
19
19
19
23
26
27
28
21
22
23
20
20
20
20
20
24
27
28
29
22
23
24
21
21
21
21
21
25
28
29
30
23
24
25
22
22
22
22
22
26
29
21
22
23
20
20
20
20
20
24
27
28
29
22
23
24
21
21
21
21
21
25
28
29
30
23
24
25
22
22
22
22
22
26
29
30
31
24
25
26
23
23
23
23
23
27
30
22
23
24
21
21
21
21
21
25
28
29
30
23
24
25
22
22
22
22
22
26
29
30
31
24
25
26
23
23
23
23
23
27
30